categorie,pret,varianteDisponibile,nou,bestseller,Outcome
1,247,5,1,0,1
1,187,5,1,0,1
1,170,5,0,0,1
1,255,5,0,1,1
1,1000,5,0,0,1
1,247,5,1,0,1
1,187,5,1,0,1
2,247,6,1,0,0
1,187,5,1,0,1
1,170,5,0,0,1
1,1255,5,0,1,0
1,1000,5,0,0,1
1,247,5,1,0,1
1,187,5,1,0,1
1,247,1,1,0,0
1,187,5,1,0,1
1,170,5,0,0,1
1,190,1,0,1,0
1,1000,5,0,0,1
1,247,5,1,0,1
1,187,5,1,0,0
3,340,5,1,0,0
1,187,5,1,0,1
1,170,5,0,0,1
1,255,5,0,1,1
1,1000,5,0,0,1
1,247,5,1,0,1
3,187,5,1,0,1
1,247,5,1,0,1
1,187,5,1,0,1
1,170,5,0,0,1
1,255,5,0,1,1
1,1000,5,0,0,1
1,247,5,1,0,1
1,187,5,1,0,1
2,247,6,1,0,0
1,187,5,1,0,1
1,170,5,0,0,0
5,1255,5,0,1,0
1,1000,5,0,0,1
1,247,5,1,0,0
6,187,5,1,0,1
1,247,1,1,0,0
1,187,5,1,0,1
1,170,5,0,0,1
1,190,1,0,1,0
1,1000,5,0,0,1
1,247,5,1,0,1
1,187,5,1,0,1
3,340,5,1,0,0
1,187,5,1,0,1
1,170,5,0,0,1
1,255,5,0,1,0
1,1000,5,0,0,1
1,247,5,1,0,1
1,187,5,1,0,1
12,247,5,1,0,0
1,187,5,1,0,1
1,170,5,0,0,1
1,255,5,0,1,1
1,1000,5,0,0,1
1,247,5,1,0,1
1,187,5,1,0,1
2,247,6,1,0,0
1,187,5,1,0,0
1,170,5,0,0,1
1,1255,5,0,1,0
1,1000,5,0,0,1
10,247,5,1,0,1
1,187,5,1,0,1
1,247,1,1,0,0
1,187,5,1,0,1
1,170,5,0,0,1
1,190,1,0,1,0
1,1000,5,0,0,1
1,247,5,1,0,1
1,187,5,1,0,1
3,340,5,1,0,0
1,187,5,1,0,1
1,170,5,0,0,0
1,255,5,0,1,1
17,1000,5,0,0,1
1,247,5,1,0,0
1,187,5,1,0,0
2,247,5,1,0,0
1,187,5,1,0,0
1,170,5,0,0,0
1,255,5,0,1,0
1,247,5,1,0,1
1,187,5,1,0,0
2,247,6,1,0,0
1,187,5,1,0,1
1,170,5,0,0,1
1,1255,5,0,1,0
1,1000,5,0,0,1
1,247,5,1,0,1
1,187,5,1,0,1
1,247,1,1,0,0
1,187,5,1,0,1
1,170,5,0,0,1
1,190,1,0,1,0
1,1000,5,0,0,1
1,247,5,1,0,1
1,187,5,1,0,0
3,340,5,1,0,0
1,187,5,1,0,0
1,170,5,0,0,1
1,255,5,0,1,0
1,1000,5,0,0,1
1,247,5,1,0,1
1,187,5,1,0,1

